
(torch) D:\SUMO>






(torch) D:\SUMO>




(torch) D:\SUMO>


(torch) D:\SUMO>


(torch) D:\SUMO>"d:\Github Repos\Major-Project\torch\Scripts\python.exe" d:/SUMO/SUMO/CT2.py
TraCI connected successfully!

=== Starting Simulation ===
Step 0, State: (1, 0, 0, 1, 0, 0, 1, 0, 0, 1, 0, 0, 0)
Step 100, State: (0, 0, 0, 0, 0, 0, 0, 0, 0, 0, 0, 0, 2)
Step 200, State: (1, 0, 0, 1, 0, 0, 1, 1, 1, 1, 0, 0, 0)
Step 300, State: (0, 0, 0, 0, 0, 0, 0, 0, 0, 0, 0, 0, 2)
Step 400, State: (1, 0, 0, 1, 0, 0, 1, 1, 1, 1, 0, 0, 0)
Step 500, State: (0, 0, 0, 0, 0, 0, 0, 0, 0, 0, 0, 0, 2)
Step 600, State: (1, 0, 0, 1, 0, 0, 1, 1, 1, 1, 0, 0, 0)
Step 700, State: (0, 0, 0, 0, 0, 0, 0, 0, 0, 0, 0, 0, 2)
Step 800, State: (1, 0, 0, 1, 0, 0, 1, 1, 1, 1, 0, 0, 0)
Step 900, State: (0, 0, 0, 0, 0, 0, 0, 0, 0, 0, 0, 0, 2)
Step 1000, State: (1, 0, 0, 1, 0, 0, 1, 1, 1, 1, 0, 0, 0)
Step 1100, State: (0, 0, 0, 0, 0, 0, 0, 0, 0, 0, 0, 0, 2)
Step 1200, State: (1, 0, 0, 1, 0, 0, 1, 1, 1, 1, 0, 0, 0)
Step 1300, State: (0, 0, 0, 0, 0, 0, 0, 0, 0, 0, 0, 0, 2)
Step 1400, State: (1, 0, 0, 1, 0, 0, 1, 1, 1, 1, 0, 0, 0)
Step 1500, State: (0, 0, 0, 0, 0, 0, 0, 0, 0, 0, 0, 0, 2)
Step 1600, State: (1, 0, 0, 1, 0, 0, 1, 1, 1, 1, 0, 0, 0)
Step 1700, State: (0, 0, 0, 0, 0, 0, 0, 0, 0, 0, 0, 0, 2)
Step 1800, State: (1, 0, 0, 1, 0, 0, 1, 1, 1, 1, 0, 0, 0)
Step 1900, State: (0, 0, 0, 0, 0, 0, 0, 0, 0, 0, 0, 0, 2)
Step 2000, State: (1, 0, 0, 1, 0, 0, 1, 1, 1, 1, 0, 0, 0)
Step 2100, State: (0, 0, 0, 0, 0, 0, 0, 0, 0, 0, 0, 0, 2)
Step 2200, State: (1, 0, 0, 1, 0, 0, 1, 1, 1, 1, 0, 0, 0)
Step 2300, State: (0, 0, 0, 0, 0, 0, 0, 0, 0, 0, 0, 0, 2)
Step 2400, State: (1, 0, 0, 1, 0, 0, 1, 1, 1, 1, 0, 0, 0)
Step 2500, State: (0, 0, 0, 0, 0, 0, 0, 0, 0, 0, 0, 0, 2)
Step 2600, State: (1, 0, 0, 1, 0, 0, 1, 1, 1, 1, 0, 0, 0)
Step 2700, State: (0, 0, 0, 0, 0, 0, 0, 0, 0, 0, 0, 0, 2)
Step 2800, State: (1, 0, 0, 1, 0, 0, 1, 1, 1, 1, 0, 0, 0)
Step 2900, State: (0, 0, 0, 0, 0, 0, 0, 0, 0, 0, 0, 0, 2)
Step 3000, State: (1, 0, 0, 1, 0, 0, 1, 1, 1, 1, 0, 0, 0)
Step 3100, State: (0, 0, 0, 0, 0, 0, 0, 0, 0, 0, 0, 0, 2)
Step 3200, State: (1, 0, 0, 1, 0, 0, 1, 1, 1, 1, 0, 0, 0)
Step 3300, State: (0, 0, 0, 0, 0, 0, 0, 0, 0, 0, 0, 0, 2)
Step 3400, State: (1, 0, 0, 1, 0, 0, 1, 1, 1, 1, 0, 0, 0)
Step 3500, State: (0, 0, 0, 0, 0, 0, 0, 0, 0, 0, 0, 0, 2)
Step 3600, State: (1, 0, 0, 1, 0, 0, 1, 1, 1, 1, 0, 0, 0)
Step 3700, State: (0, 0, 0, 0, 0, 0, 0, 0, 0, 0, 0, 0, 2)
Step 3800, State: (1, 0, 0, 1, 0, 0, 1, 1, 1, 1, 0, 0, 0)
Step 3900, State: (0, 0, 0, 0, 0, 0, 0, 0, 0, 0, 0, 0, 2)
Step 4000, State: (1, 0, 0, 1, 0, 0, 1, 1, 1, 1, 0, 0, 0)
Step 4100, State: (0, 0, 0, 0, 0, 0, 0, 0, 0, 0, 0, 0, 2)
Step 4200, State: (1, 0, 0, 1, 0, 0, 1, 1, 1, 1, 0, 0, 0)
Step 4300, State: (0, 0, 0, 0, 0, 0, 0, 0, 0, 0, 0, 0, 2)
Step 4400, State: (1, 0, 0, 1, 0, 0, 1, 1, 1, 1, 0, 0, 0)
Step 4500, State: (0, 0, 0, 0, 0, 0, 0, 0, 0, 0, 0, 0, 2)
Step 4600, State: (1, 0, 0, 1, 0, 0, 1, 1, 1, 1, 0, 0, 0)
Step 4700, State: (0, 0, 0, 0, 0, 0, 0, 0, 0, 0, 0, 0, 2)
Step 4800, State: (1, 0, 0, 1, 0, 0, 1, 1, 1, 1, 0, 0, 0)
Step 4900, State: (0, 0, 0, 0, 0, 0, 0, 0, 0, 0, 0, 0, 2)

Total vehicles passed (throughput): 288
Maximum waiting time: 13.40 seconds
Simulation completed.

(torch) D:\SUMO>"d:\Github Repos\Major-Project\torch\Scripts\python.exe" d:/SUMO/SUMO/CT2.py
TraCI connected successfully!

=== Starting Simulation ===
Step 0, State: (1, 0, 0, 1, 0, 0, 1, 0, 0, 1, 0, 0, 0)
Step 100, State: (0, 0, 0, 0, 0, 0, 0, 0, 0, 0, 0, 0, 2)
Step 200, State: (0, 0, 0, 1, 0, 0, 1, 1, 1, 1, 0, 0, 0)
Step 300, State: (0, 1, 0, 0, 0, 0, 0, 0, 0, 0, 0, 0, 2)
Step 400, State: (1, 0, 0, 1, 0, 0, 1, 1, 1, 1, 0, 0, 0)
Step 500, State: (0, 1, 1, 0, 0, 0, 0, 0, 0, 0, 0, 0, 2)
Step 600, State: (1, 0, 0, 1, 0, 0, 1, 1, 1, 1, 0, 0, 0)
Step 700, State: (0, 1, 1, 0, 0, 0, 0, 0, 0, 0, 0, 0, 2)
Step 800, State: (1, 0, 0, 1, 0, 0, 1, 1, 1, 1, 0, 0, 0)
Step 900, State: (0, 1, 1, 0, 0, 0, 0, 0, 0, 0, 0, 0, 2)
Step 1000, State: (1, 0, 0, 1, 0, 0, 1, 0, 0, 1, 0, 0, 0)
Step 1100, State: (0, 1, 1, 0, 0, 0, 0, 0, 0, 0, 0, 0, 2)
Step 1200, State: (1, 0, 0, 1, 0, 0, 1, 0, 0, 1, 0, 0, 0)
Step 1300, State: (0, 1, 1, 0, 0, 0, 0, 0, 0, 0, 0, 0, 2)
Step 1400, State: (1, 0, 0, 1, 0, 0, 1, 0, 0, 1, 0, 0, 0)
Step 1500, State: (0, 0, 0, 0, 0, 0, 0, 0, 0, 0, 0, 0, 2)
Step 1600, State: (1, 0, 0, 1, 0, 0, 1, 0, 0, 1, 0, 0, 0)
Step 1700, State: (0, 0, 0, 0, 0, 0, 0, 0, 0, 0, 0, 0, 2)
Step 1800, State: (1, 0, 0, 1, 0, 0, 0, 0, 0, 1, 0, 0, 0)
Step 1900, State: (0, 0, 0, 0, 0, 0, 0, 0, 0, 0, 0, 0, 2)
Step 2000, State: (1, 0, 0, 1, 0, 0, 1, 0, 0, 1, 0, 0, 0)
Step 2100, State: (0, 0, 0, 0, 0, 0, 0, 0, 0, 0, 0, 0, 2)
Step 2200, State: (0, 0, 0, 1, 0, 0, 1, 1, 1, 1, 0, 0, 0)
Step 2300, State: (0, 1, 0, 0, 0, 0, 0, 0, 0, 0, 0, 0, 2)
Step 2400, State: (1, 0, 0, 1, 0, 0, 1, 1, 1, 1, 0, 0, 0)
Step 2500, State: (0, 1, 1, 0, 0, 0, 0, 0, 0, 0, 0, 0, 2)
Step 2600, State: (1, 0, 0, 1, 0, 0, 1, 1, 1, 1, 0, 0, 0)
Step 2700, State: (0, 1, 1, 0, 0, 0, 0, 0, 0, 0, 0, 0, 2)
Step 2800, State: (1, 0, 0, 1, 0, 0, 1, 1, 1, 1, 0, 0, 0)
Step 2900, State: (0, 1, 1, 0, 0, 0, 0, 0, 0, 0, 0, 0, 2)
Step 3000, State: (1, 0, 0, 1, 0, 0, 1, 0, 0, 1, 0, 0, 0)
Step 3100, State: (0, 1, 1, 0, 0, 0, 0, 0, 0, 0, 0, 0, 2)
Step 3200, State: (1, 0, 0, 1, 0, 0, 1, 0, 0, 1, 0, 0, 0)
Step 3300, State: (0, 1, 1, 0, 0, 0, 0, 0, 0, 0, 0, 0, 2)
Step 3400, State: (1, 0, 0, 1, 0, 0, 1, 0, 0, 1, 0, 0, 0)
Step 3500, State: (0, 0, 0, 0, 0, 0, 0, 0, 0, 0, 0, 0, 2)
Step 3600, State: (1, 0, 0, 1, 0, 0, 1, 0, 0, 1, 0, 0, 0)
Step 3700, State: (0, 0, 0, 0, 0, 0, 0, 0, 0, 0, 0, 0, 2)
Step 3800, State: (1, 0, 0, 1, 0, 0, 0, 0, 0, 1, 0, 0, 0)
Step 3900, State: (0, 0, 0, 0, 0, 0, 0, 0, 0, 0, 0, 0, 2)
Step 4000, State: (0, 0, 0, 1, 0, 0, 1, 0, 0, 1, 0, 0, 0)
Step 4100, State: (0, 0, 0, 0, 0, 0, 0, 0, 0, 0, 0, 0, 2)
Step 4200, State: (0, 0, 0, 1, 0, 0, 1, 1, 1, 1, 0, 0, 0)
Step 4300, State: (0, 1, 0, 0, 0, 0, 0, 0, 0, 0, 0, 0, 2)
Step 4400, State: (1, 0, 0, 1, 0, 0, 1, 1, 1, 1, 0, 0, 0)
Step 4500, State: (0, 1, 1, 0, 0, 0, 0, 0, 0, 0, 0, 0, 2)
Step 4600, State: (1, 0, 0, 1, 0, 0, 1, 1, 1, 1, 0, 0, 0)
Step 4700, State: (0, 1, 1, 0, 0, 0, 0, 0, 0, 0, 0, 0, 2)
Step 4800, State: (1, 0, 0, 1, 0, 0, 1, 1, 1, 1, 0, 0, 0)
Step 4900, State: (0, 1, 1, 0, 0, 0, 0, 0, 0, 0, 0, 0, 2)

Total vehicles passed (throughput): 290
Maximum waiting time: 14.80 seconds
Simulation completed.

(torch) D:\SUMO>"d:\Github Repos\Major-Project\torch\Scripts\python.exe" d:/SUMO/SUMO/CT2.py
TraCI connected successfully!

=== Starting Simulation ===
Step 0, State: (1, 0, 0, 1, 0, 0, 1, 0, 0, 1, 0, 0, 0)
Step 100, State: (0, 0, 0, 0, 0, 0, 0, 0, 0, 0, 0, 0, 2)
Step 200, State: (1, 0, 0, 1, 0, 0, 1, 1, 1, 1, 0, 0, 0)
Step 300, State: (0, 1, 1, 0, 0, 0, 0, 0, 0, 0, 0, 0, 2)
Step 400, State: (1, 0, 0, 1, 0, 0, 1, 1, 1, 1, 0, 0, 0)
Step 500, State: (1, 1, 1, 0, 0, 0, 1, 0, 0, 0, 0, 0, 2)
Step 600, State: (1, 0, 0, 1, 0, 0, 1, 0, 0, 1, 0, 0, 0)
Step 700, State: (0, 1, 1, 0, 0, 0, 0, 0, 0, 0, 0, 0, 2)
Step 800, State: (1, 0, 0, 1, 0, 0, 1, 0, 0, 1, 0, 0, 0)
Step 900, State: (0, 0, 0, 0, 0, 0, 0, 0, 0, 0, 0, 0, 2)
Step 1000, State: (1, 0, 0, 1, 0, 0, 1, 0, 0, 1, 0, 0, 0)
Step 1100, State: (0, 0, 0, 0, 0, 0, 0, 0, 0, 0, 0, 0, 2)
Step 1200, State: (1, 0, 0, 1, 0, 0, 1, 1, 1, 1, 0, 0, 0)
Step 1300, State: (0, 1, 1, 0, 0, 0, 0, 0, 0, 0, 0, 0, 2)
Step 1400, State: (1, 0, 0, 1, 0, 0, 1, 1, 1, 1, 0, 0, 0)
Step 1500, State: (1, 1, 1, 0, 0, 0, 1, 0, 0, 0, 0, 0, 2)
Step 1600, State: (1, 0, 0, 1, 0, 0, 1, 0, 0, 1, 0, 0, 0)
Step 1700, State: (0, 1, 1, 0, 0, 0, 0, 0, 0, 0, 0, 0, 2)
Step 1800, State: (1, 0, 0, 1, 0, 0, 1, 0, 0, 1, 0, 0, 0)
Step 1900, State: (0, 0, 0, 0, 0, 0, 0, 0, 0, 0, 0, 0, 2)
Step 2000, State: (1, 0, 0, 1, 0, 0, 1, 0, 0, 1, 0, 0, 0)
Step 2100, State: (0, 0, 0, 0, 0, 0, 0, 0, 0, 0, 0, 0, 2)
Step 2200, State: (1, 0, 0, 1, 0, 0, 1, 1, 1, 1, 0, 0, 0)
Step 2300, State: (0, 1, 1, 0, 0, 0, 0, 0, 0, 0, 0, 0, 2)
Step 2400, State: (1, 0, 0, 1, 0, 0, 1, 1, 1, 1, 0, 0, 0)
Step 2500, State: (1, 1, 1, 0, 0, 0, 1, 0, 0, 0, 0, 0, 2)
Step 2600, State: (1, 0, 0, 1, 0, 0, 1, 0, 0, 1, 0, 0, 0)
Step 2700, State: (0, 1, 1, 0, 0, 0, 0, 0, 0, 0, 0, 0, 2)
Step 2800, State: (1, 0, 0, 1, 0, 0, 1, 0, 0, 1, 0, 0, 0)
Step 2900, State: (0, 0, 0, 0, 0, 0, 0, 0, 0, 0, 0, 0, 2)
Step 3000, State: (1, 0, 0, 1, 0, 0, 1, 0, 0, 1, 0, 0, 0)
Step 3100, State: (0, 0, 0, 0, 0, 0, 0, 0, 0, 0, 0, 0, 2)
Step 3200, State: (1, 0, 0, 1, 0, 0, 1, 1, 1, 1, 0, 0, 0)
Step 3300, State: (0, 1, 1, 0, 0, 0, 0, 0, 0, 0, 0, 0, 2)
Step 3400, State: (1, 0, 0, 1, 0, 0, 1, 1, 1, 1, 0, 0, 0)
Step 3500, State: (1, 1, 1, 0, 0, 0, 1, 0, 0, 0, 0, 0, 2)
Step 3600, State: (1, 0, 0, 1, 0, 0, 1, 0, 0, 1, 0, 0, 0)
Step 3700, State: (0, 1, 1, 0, 0, 0, 0, 0, 0, 0, 0, 0, 2)
Step 3800, State: (1, 0, 0, 1, 0, 0, 1, 0, 0, 1, 0, 0, 0)
Step 3900, State: (0, 0, 0, 0, 0, 0, 0, 0, 0, 0, 0, 0, 2)
Step 4000, State: (1, 0, 0, 1, 0, 0, 1, 0, 0, 1, 0, 0, 0)
Step 4100, State: (0, 0, 0, 0, 0, 0, 0, 0, 0, 0, 0, 0, 2)
Step 4200, State: (1, 0, 0, 1, 0, 0, 1, 1, 1, 1, 0, 0, 0)
Step 4300, State: (0, 1, 1, 0, 0, 0, 0, 0, 0, 0, 0, 0, 2)
Step 4400, State: (1, 0, 0, 1, 0, 0, 1, 1, 1, 1, 0, 0, 0)
Step 4500, State: (1, 1, 1, 0, 0, 0, 1, 0, 0, 0, 0, 0, 2)
Step 4600, State: (1, 0, 0, 1, 0, 0, 1, 0, 0, 1, 0, 0, 0)
Step 4700, State: (0, 1, 1, 0, 0, 0, 0, 0, 0, 0, 0, 0, 2)
Step 4800, State: (1, 0, 0, 1, 0, 0, 1, 0, 0, 1, 0, 0, 0)
Step 4900, State: (0, 0, 0, 0, 0, 0, 0, 0, 0, 0, 0, 0, 2)

Total vehicles passed (throughput): 292
Maximum waiting time: 13.40 seconds
Simulation completed.

Step 4500, State: (1, 1, 1, 0, 0, 0, 1, 0, 0, 0, 0, 0, 2)
Step 4600, State: (1, 0, 0, 1, 0, 0, 1, 0, 0, 1, 0, 0, 0)
Step 4700, State: (0, 1, 1, 0, 0, 0, 0, 0, 0, 0, 0, 0, 2)
Step 4800, State: (1, 0, 0, 1, 0, 0, 1, 0, 0, 1, 0, 0, 0)
Step 4900, State: (0, 0, 0, 0, 0, 0, 0, 0, 0, 0, 0, 0, 2)

Total vehicles passed (throughput): 292
Maximum waiting time: 13.40 seconds
Step 4500, State: (1, 1, 1, 0, 0, 0, 1, 0, 0, 0, 0, 0, 2)
Step 4600, State: (1, 0, 0, 1, 0, 0, 1, 0, 0, 1, 0, 0, 0)
Step 4700, State: (0, 1, 1, 0, 0, 0, 0, 0, 0, 0, 0, 0, 2)
Step 4800, State: (1, 0, 0, 1, 0, 0, 1, 0, 0, 1, 0, 0, 0)
Step 4900, State: (0, 0, 0, 0, 0, 0, 0, 0, 0, 0, 0, 0, 2)

Step 4500, State: (1, 1, 1, 0, 0, 0, 1, 0, 0, 0, 0, 0, 2)
Step 4600, State: (1, 0, 0, 1, 0, 0, 1, 0, 0, 1, 0, 0, 0)
Step 4700, State: (0, 1, 1, 0, 0, 0, 0, 0, 0, 0, 0, 0, 2)
Step 4800, State: (1, 0, 0, 1, 0, 0, 1, 0, 0, 1, 0, 0, 0)
Step 4500, State: (1, 1, 1, 0, 0, 0, 1, 0, 0, 0, 0, 0, 2)
Step 4600, State: (1, 0, 0, 1, 0, 0, 1, 0, 0, 1, 0, 0, 0)
Step 4700, State: (0, 1, 1, 0, 0, 0, 0, 0, 0, 0, 0, 0, 2)
Step 4500, State: (1, 1, 1, 0, 0, 0, 1, 0, 0, 0, 0, 0, 2)
Step 4500, State: (1, 1, 1, 0, 0, 0, 1, 0, 0, 0, 0, 0, 2)
Step 4600, State: (1, 0, 0, 1, 0, 0, 1, 0, 0, 1, 0, 0, 0)
Step 4700, State: (0, 1, 1, 0, 0, 0, 0, 0, 0, 0, 0, 0, 2)
Step 4800, State: (1, 0, 0, 1, 0, 0, 1, 0, 0, 1, 0, 0, 0)
Step 4900, State: (0, 0, 0, 0, 0, 0, 0, 0, 0, 0, 0, 0, 2)

Total vehicles passed (throughput): 292
Maximum waiting time: 13.40 seconds
Simulation completed.

(torch) D:\SUMO>"d:\Github Repos\Major-Project\torch\Scripts\python.exe" d:/SUMO/SUMO/CT2.py
TraCI connected successfully!

=== Starting Simulation ===
Step 0, State: (1, 0, 0, 1, 0, 0, 1, 0, 0, 1, 0, 0, 0)
Step 100, State: (0, 0, 0, 0, 0, 0, 0, 0, 0, 0, 0, 0, 2)
Step 200, State: (1, 0, 0, 0, 0, 0, 1, 1, 1, 1, 0, 0, 0)
Step 300, State: (0, 1, 1, 0, 0, 1, 0, 0, 0, 0, 0, 0, 2)
Step 400, State: (1, 0, 0, 1, 0, 0, 1, 0, 0, 1, 0, 0, 0)
Step 500, State: (0, 1, 1, 0, 1, 1, 0, 0, 0, 0, 0, 0, 2)
Step 600, State: (1, 0, 0, 1, 0, 0, 1, 0, 0, 1, 1, 1, 0)
Step 700, State: (0, 0, 0, 0, 1, 1, 0, 0, 0, 0, 0, 0, 2)
Step 800, State: (1, 0, 0, 1, 0, 0, 1, 0, 0, 1, 1, 1, 0)
Step 900, State: (0, 1, 0, 0, 0, 0, 0, 0, 0, 0, 0, 0, 2)
Step 1000, State: (1, 0, 0, 1, 0, 0, 1, 1, 1, 1, 0, 0, 0)
Step 1100, State: (0, 1, 1, 0, 0, 0, 0, 0, 0, 0, 0, 0, 2)
Step 1200, State: (1, 0, 0, 1, 0, 0, 1, 0, 0, 1, 0, 0, 0)
Step 1300, State: (0, 0, 1, 0, 0, 0, 0, 0, 0, 0, 0, 0, 2)
Step 1400, State: (1, 0, 0, 1, 0, 0, 1, 0, 0, 1, 0, 0, 0)
Step 1500, State: (0, 0, 0, 0, 0, 0, 0, 0, 0, 0, 0, 0, 2)
Step 1600, State: (1, 0, 0, 1, 0, 0, 1, 1, 1, 1, 0, 0, 0)
Step 1700, State: (0, 1, 1, 0, 0, 0, 0, 0, 0, 0, 0, 0, 2)
Step 1800, State: (1, 0, 0, 1, 0, 0, 1, 0, 0, 0, 0, 0, 0)
Step 1900, State: (0, 1, 1, 0, 0, 0, 0, 0, 0, 0, 0, 0, 2)
Step 2000, State: (1, 0, 0, 1, 0, 0, 1, 0, 0, 1, 0, 0, 0)
Step 2100, State: (0, 0, 0, 0, 0, 0, 0, 0, 0, 0, 0, 0, 2)
Step 2200, State: (1, 0, 0, 0, 0, 0, 1, 1, 1, 1, 0, 0, 0)
Step 2300, State: (0, 1, 1, 0, 0, 1, 0, 0, 0, 0, 0, 0, 2)
Step 2400, State: (1, 0, 0, 1, 0, 0, 1, 0, 0, 1, 0, 0, 0)
Step 2500, State: (0, 1, 1, 0, 1, 1, 0, 0, 0, 0, 0, 0, 2)
Step 2600, State: (1, 0, 0, 1, 0, 0, 1, 0, 0, 1, 1, 1, 0)
Step 2700, State: (0, 0, 0, 0, 1, 1, 0, 0, 0, 0, 0, 0, 2)
Step 2800, State: (1, 0, 0, 1, 0, 0, 1, 0, 0, 1, 1, 1, 0)
Step 2900, State: (0, 1, 0, 0, 0, 0, 0, 0, 0, 0, 0, 0, 2)
Step 3000, State: (1, 0, 0, 1, 0, 0, 1, 1, 1, 1, 0, 0, 0)
Step 3100, State: (0, 1, 1, 0, 0, 0, 0, 0, 0, 0, 0, 0, 2)
Step 3200, State: (1, 0, 0, 1, 0, 0, 1, 0, 0, 1, 0, 0, 0)
Step 3300, State: (0, 0, 1, 0, 0, 0, 0, 0, 0, 0, 0, 0, 2)
Step 3400, State: (0, 0, 0, 1, 0, 0, 1, 0, 0, 1, 0, 0, 0)
Step 3500, State: (0, 0, 0, 0, 0, 0, 0, 0, 0, 0, 0, 0, 2)
Step 3600, State: (1, 0, 0, 1, 0, 0, 1, 1, 1, 1, 0, 0, 0)
Step 3700, State: (0, 1, 1, 0, 0, 0, 0, 0, 0, 0, 0, 0, 2)
Step 3800, State: (1, 0, 0, 1, 0, 0, 1, 0, 0, 0, 0, 0, 0)
Step 3900, State: (0, 1, 1, 0, 0, 0, 0, 0, 0, 0, 0, 0, 2)
Step 4000, State: (1, 0, 0, 0, 0, 0, 1, 0, 0, 1, 0, 0, 0)
Step 4100, State: (0, 0, 0, 0, 0, 0, 0, 0, 0, 0, 0, 0, 2)
Step 4200, State: (1, 0, 0, 0, 0, 0, 1, 1, 1, 1, 0, 0, 0)
Step 4300, State: (0, 1, 1, 0, 0, 1, 0, 0, 0, 0, 0, 0, 2)
Step 4400, State: (1, 0, 0, 1, 0, 0, 1, 0, 0, 1, 0, 0, 0)
Step 4500, State: (0, 1, 1, 0, 1, 1, 0, 0, 0, 0, 0, 0, 2)
Step 4600, State: (1, 0, 0, 1, 0, 0, 1, 0, 0, 1, 1, 1, 0)
Step 4700, State: (0, 0, 0, 0, 1, 1, 0, 0, 0, 0, 0, 0, 2)
Step 4800, State: (1, 0, 0, 1, 0, 0, 1, 0, 0, 1, 1, 1, 0)
Step 4900, State: (0, 1, 0, 0, 0, 0, 0, 0, 0, 0, 0, 0, 2)

Total vehicles passed (throughput): 292
Maximum waiting time: 14.50 seconds
Simulation completed.

(torch) D:\SUMO>"d:\Github Repos\Major-Project\torch\Scripts\python.exe" d:/SUMO/SUMO/CT2.py
TraCI connected successfully!

=== Starting Simulation ===
Step 0, State: (1, 0, 0, 1, 0, 0, 1, 0, 0, 1, 0, 0, 0)
Step 100, State: (0, 0, 0, 0, 0, 0, 0, 0, 0, 0, 0, 0, 2)
Step 200, State: (1, 0, 0, 1, 0, 0, 1, 1, 1, 1, 0, 0, 0)
Step 300, State: (0, 1, 1, 0, 1, 1, 0, 0, 0, 0, 0, 0, 2)
Step 400, State: (1, 0, 0, 1, 0, 0, 1, 0, 0, 1, 1, 1, 0)
Step 500, State: (0, 0, 0, 1, 1, 0, 0, 0, 0, 1, 0, 0, 2)
Step 600, State: (1, 0, 0, 1, 0, 0, 1, 1, 1, 1, 0, 0, 0)
Step 700, State: (0, 1, 1, 0, 0, 0, 0, 0, 0, 0, 0, 0, 2)
Step 800, State: (1, 0, 0, 1, 0, 0, 1, 0, 0, 1, 0, 0, 0)
Step 900, State: (0, 0, 0, 0, 0, 0, 0, 0, 0, 0, 0, 0, 2)
Step 1000, State: (1, 0, 0, 1, 0, 0, 1, 1, 1, 1, 0, 0, 0)
Step 1100, State: (0, 1, 1, 0, 0, 0, 0, 0, 0, 0, 0, 0, 2)
Step 1200, State: (1, 0, 0, 1, 0, 0, 1, 0, 0, 1, 0, 0, 0)
Step 1300, State: (0, 0, 0, 0, 1, 1, 0, 0, 0, 0, 0, 0, 2)
Step 1400, State: (1, 0, 0, 1, 0, 0, 1, 1, 1, 1, 1, 1, 0)
Step 1500, State: (0, 1, 1, 1, 1, 0, 0, 0, 0, 1, 0, 0, 2)
Step 1600, State: (1, 0, 0, 1, 0, 0, 1, 0, 0, 1, 0, 0, 0)
Step 1700, State: (0, 0, 0, 0, 0, 0, 0, 0, 0, 0, 0, 0, 2)
Step 1800, State: (1, 0, 0, 1, 0, 0, 1, 1, 1, 1, 0, 0, 0)
Step 1900, State: (0, 1, 1, 0, 0, 0, 0, 0, 0, 0, 0, 0, 2)
Step 2000, State: (1, 0, 0, 1, 0, 0, 1, 0, 0, 1, 0, 0, 0)
Step 2100, State: (0, 0, 0, 0, 0, 0, 0, 0, 0, 0, 0, 0, 2)
Step 2200, State: (1, 0, 0, 1, 0, 0, 1, 1, 1, 1, 0, 0, 0)
Step 2300, State: (0, 1, 1, 0, 1, 1, 0, 0, 0, 0, 0, 0, 2)
Step 2400, State: (1, 0, 0, 1, 0, 0, 1, 0, 0, 1, 1, 1, 0)
Step 2500, State: (0, 0, 0, 1, 1, 0, 0, 0, 0, 1, 0, 0, 2)
Step 2600, State: (1, 0, 0, 1, 0, 0, 1, 1, 1, 1, 0, 0, 0)
Step 2700, State: (0, 1, 1, 0, 0, 0, 0, 0, 0, 0, 0, 0, 2)
Step 2800, State: (1, 0, 0, 1, 0, 0, 1, 0, 0, 1, 0, 0, 0)
Step 2900, State: (0, 0, 0, 0, 0, 0, 0, 0, 0, 0, 0, 0, 2)
Step 3000, State: (1, 0, 0, 1, 0, 0, 1, 1, 1, 1, 0, 0, 0)
Step 3100, State: (0, 1, 1, 0, 0, 0, 0, 0, 0, 0, 0, 0, 2)
Step 3200, State: (1, 0, 0, 1, 0, 0, 1, 0, 0, 1, 0, 0, 0)
Step 3300, State: (0, 0, 0, 0, 1, 1, 0, 0, 0, 0, 0, 0, 2)
Step 3400, State: (1, 0, 0, 1, 0, 0, 1, 1, 1, 1, 1, 1, 0)
Step 3500, State: (0, 1, 1, 1, 1, 0, 0, 0, 0, 1, 0, 0, 2)
Step 3600, State: (1, 0, 0, 1, 0, 0, 1, 0, 0, 1, 0, 0, 0)
Step 3700, State: (0, 0, 0, 0, 0, 0, 0, 0, 0, 0, 0, 0, 2)
Step 3800, State: (1, 0, 0, 1, 0, 0, 1, 1, 1, 1, 0, 0, 0)
Step 3900, State: (0, 1, 1, 0, 0, 0, 0, 0, 0, 0, 0, 0, 2)
Step 4000, State: (1, 0, 0, 1, 0, 0, 1, 0, 0, 1, 0, 0, 0)
Step 4100, State: (0, 0, 0, 0, 0, 0, 0, 0, 0, 0, 0, 0, 2)
Step 4200, State: (1, 0, 0, 1, 0, 0, 1, 1, 1, 1, 0, 0, 0)
Step 4300, State: (0, 1, 1, 0, 1, 1, 0, 0, 0, 0, 0, 0, 2)
Step 4400, State: (1, 0, 0, 1, 0, 0, 1, 0, 0, 1, 1, 1, 0)
Step 4500, State: (0, 0, 0, 1, 1, 0, 0, 0, 0, 1, 0, 0, 2)
Step 4600, State: (1, 0, 0, 1, 0, 0, 1, 1, 1, 1, 0, 0, 0)
Step 4700, State: (0, 1, 1, 0, 0, 0, 0, 0, 0, 0, 0, 0, 2)
Step 4800, State: (1, 0, 0, 1, 0, 0, 1, 0, 0, 1, 0, 0, 0)
Step 4900, State: (0, 0, 0, 0, 0, 0, 0, 0, 0, 0, 0, 0, 2)

Total vehicles passed (throughput): 290
Maximum waiting time: 14.70 seconds
Simulation completed.

(torch) D:\SUMO>"d:\Github Repos\Major-Project\torch\Scripts\python.exe" d:/SUMO/SUMO/CT2.py
TraCI connected successfully!

=== Starting Simulation ===
Step 0, State: (1, 0, 0, 1, 0, 0, 1, 0, 0, 1, 0, 0, 0)
Step 100, State: (0, 0, 0, 0, 0, 0, 0, 0, 0, 0, 0, 0, 2)
Step 200, State: (0, 0, 0, 1, 0, 0, 1, 1, 1, 1, 0, 0, 0)
Step 300, State: (0, 3, 3, 0, 0, 0, 0, 0, 0, 0, 0, 0, 2)
Step 400, State: (1, 0, 0, 1, 0, 0, 1, 0, 0, 1, 0, 0, 0)
Step 500, State: (1, 4, 4, 0, 0, 0, 0, 0, 0, 1, 0, 0, 2)
Step 600, State: (0, 0, 0, 1, 0, 0, 1, 0, 0, 1, 0, 0, 0)
Step 700, State: (1, 4, 5, 0, 0, 0, 0, 0, 0, 0, 0, 0, 2)
Step 800, State: (1, 0, 0, 1, 0, 0, 1, 0, 0, 1, 0, 0, 0)
Step 900, State: (0, 5, 5, 0, 0, 0, 0, 0, 0, 0, 0, 0, 2)
Step 1000, State: (1, 0, 0, 1, 0, 0, 1, 0, 0, 1, 0, 0, 0)
Step 1100, State: (0, 5, 6, 0, 0, 0, 0, 0, 0, 0, 0, 0, 2)
Step 1200, State: (0, 0, 0, 1, 0, 0, 1, 1, 1, 1, 0, 0, 0)
Step 1300, State: (0, 5, 6, 0, 0, 0, 0, 0, 0, 0, 0, 0, 2)
Step 1400, State: (1, 0, 0, 1, 0, 0, 1, 0, 0, 1, 0, 0, 0)
Step 1500, State: (0, 6, 6, 0, 0, 0, 0, 0, 0, 1, 0, 0, 2)
Step 1600, State: (0, 0, 0, 1, 0, 0, 1, 0, 0, 1, 0, 0, 0)
Step 1700, State: (0, 6, 7, 0, 0, 0, 0, 0, 0, 0, 0, 0, 2)
Step 1800, State: (1, 0, 0, 1, 0, 0, 1, 0, 0, 1, 0, 0, 0)
Step 1900, State: (0, 7, 7, 0, 0, 0, 0, 0, 0, 0, 0, 0, 2)
Step 2000, State: (0, 0, 0, 1, 0, 0, 1, 0, 0, 1, 0, 0, 0)
Step 2100, State: (0, 7, 8, 0, 0, 0, 0, 0, 0, 0, 0, 0, 2)
Step 2200, State: (0, 0, 0, 1, 0, 0, 1, 1, 1, 1, 0, 0, 0)
Step 2300, State: (0, 8, 8, 0, 0, 0, 0, 0, 0, 0, 0, 0, 2)
Step 2400, State: (1, 0, 0, 1, 0, 0, 1, 0, 0, 1, 0, 0, 0)
Step 2500, State: (0, 8, 9, 0, 0, 0, 0, 0, 0, 1, 0, 0, 2)
Step 2600, State: (0, 0, 0, 1, 0, 0, 1, 0, 0, 1, 0, 0, 0)
Step 2700, State: (0, 8, 9, 0, 0, 0, 0, 0, 0, 0, 0, 0, 2)
Step 2800, State: (1, 0, 0, 1, 0, 0, 1, 0, 0, 1, 0, 0, 0)
Step 2900, State: (0, 9, 10, 0, 0, 0, 0, 0, 0, 0, 0, 0, 2)
Step 3000, State: (0, 0, 0, 1, 0, 0, 1, 0, 0, 1, 0, 0, 0)
Step 3100, State: (0, 9, 10, 0, 0, 0, 0, 0, 0, 0, 0, 0, 2)
Step 3200, State: (0, 0, 0, 1, 0, 0, 1, 1, 1, 1, 0, 0, 0)
Step 3300, State: (0, 10, 10, 0, 0, 0, 0, 0, 0, 0, 0, 0, 2)
Step 3400, State: (1, 0, 0, 1, 0, 0, 1, 0, 0, 1, 0, 0, 0)
Step 3500, State: (0, 10, 11, 0, 0, 0, 0, 0, 0, 1, 0, 0, 2)
Step 3600, State: (0, 0, 0, 1, 0, 0, 1, 0, 0, 1, 0, 0, 0)
Step 3700, State: (0, 11, 11, 0, 0, 0, 0, 0, 0, 0, 0, 0, 2)
Step 3800, State: (1, 0, 0, 1, 0, 0, 1, 0, 0, 1, 0, 0, 0)
Step 3900, State: (0, 11, 12, 0, 0, 0, 0, 0, 0, 0, 0, 0, 2)
Step 4000, State: (0, 0, 0, 1, 0, 0, 1, 0, 0, 1, 0, 0, 0)
Step 4100, State: (1, 11, 12, 0, 0, 0, 0, 0, 0, 0, 0, 0, 2)
Step 4200, State: (0, 0, 0, 1, 0, 0, 1, 1, 1, 1, 0, 0, 0)
Step 4300, State: (0, 12, 13, 0, 0, 0, 0, 0, 0, 0, 0, 0, 2)
Step 4400, State: (1, 0, 0, 1, 0, 0, 1, 0, 0, 1, 0, 0, 0)
Step 4500, State: (0, 12, 13, 0, 0, 0, 0, 0, 0, 1, 0, 0, 2)
Step 4600, State: (0, 0, 0, 1, 0, 0, 1, 0, 0, 1, 0, 0, 0)
Step 4700, State: (0, 13, 14, 0, 0, 0, 0, 0, 0, 0, 0, 0, 2)
Step 4800, State: (1, 0, 0, 1, 0, 0, 1, 0, 0, 1, 0, 0, 0)
Step 4900, State: (0, 13, 14, 0, 0, 0, 0, 0, 0, 0, 0, 0, 2)

Total vehicles passed (throughput): 457
Maximum waiting time: 14.70 seconds
Simulation completed.

(torch) D:\SUMO>"d:\Github Repos\Major-Project\torch\Scripts\python.exe" d:/SUMO/SUMO/CT2.py
TraCI connected successfully!

=== Starting Simulation ===
Step 0, State: (1, 0, 0, 1, 0, 0, 1, 0, 0, 1, 0, 0, 0)
Step 100, State: (0, 0, 0, 0, 0, 0, 0, 0, 0, 0, 0, 0, 2)
Step 200, State: (0, 0, 0, 1, 0, 0, 1, 1, 1, 1, 0, 0, 0)
Step 300, State: (0, 3, 3, 0, 0, 0, 0, 0, 0, 0, 0, 0, 2)
Step 400, State: (1, 0, 0, 1, 0, 0, 1, 0, 0, 1, 0, 0, 0)
Step 500, State: (1, 4, 4, 0, 0, 0, 0, 0, 0, 1, 0, 0, 2)
Step 600, State: (0, 0, 0, 1, 0, 0, 1, 0, 0, 1, 0, 0, 0)
Step 700, State: (1, 4, 5, 0, 0, 0, 0, 0, 0, 0, 0, 0, 2)
Step 800, State: (1, 0, 0, 1, 0, 0, 1, 0, 0, 1, 0, 0, 0)
Step 900, State: (0, 5, 5, 0, 0, 0, 0, 0, 0, 0, 0, 0, 2)
Step 1000, State: (1, 0, 0, 1, 0, 0, 1, 0, 0, 1, 0, 0, 0)
Step 1100, State: (0, 5, 6, 0, 0, 0, 0, 0, 0, 0, 0, 0, 2)
Step 1200, State: (0, 0, 0, 1, 0, 0, 1, 1, 1, 1, 0, 0, 0)
Step 1300, State: (0, 5, 6, 0, 0, 0, 0, 0, 0, 0, 0, 0, 2)
Step 1400, State: (1, 0, 0, 1, 0, 0, 1, 0, 0, 1, 0, 0, 0)
Step 1500, State: (0, 6, 6, 0, 0, 0, 0, 0, 0, 1, 0, 0, 2)
Step 1600, State: (0, 0, 0, 1, 0, 0, 1, 0, 0, 1, 0, 0, 0)
Step 1700, State: (0, 6, 7, 0, 0, 0, 0, 0, 0, 0, 0, 0, 2)
Step 1800, State: (1, 0, 0, 1, 0, 0, 1, 0, 0, 1, 0, 0, 0)
Step 1900, State: (0, 7, 7, 0, 0, 0, 0, 0, 0, 0, 0, 0, 2)
Step 2000, State: (0, 0, 0, 1, 0, 0, 1, 0, 0, 1, 0, 0, 0)
Step 2100, State: (0, 7, 8, 0, 0, 0, 0, 0, 0, 0, 0, 0, 2)
Step 2200, State: (0, 0, 0, 1, 0, 0, 1, 1, 1, 1, 0, 0, 0)
Step 2300, State: (0, 8, 8, 0, 0, 0, 0, 0, 0, 0, 0, 0, 2)
Step 2400, State: (1, 0, 0, 1, 0, 0, 1, 0, 0, 1, 0, 0, 0)
Step 2500, State: (0, 8, 9, 0, 0, 0, 0, 0, 0, 1, 0, 0, 2)
Step 2600, State: (0, 0, 0, 1, 0, 0, 1, 0, 0, 1, 0, 0, 0)
Step 2700, State: (0, 8, 9, 0, 0, 0, 0, 0, 0, 0, 0, 0, 2)
Step 2800, State: (1, 0, 0, 1, 0, 0, 1, 0, 0, 1, 0, 0, 0)
Step 2900, State: (0, 9, 10, 0, 0, 0, 0, 0, 0, 0, 0, 0, 2)
Step 3000, State: (0, 0, 0, 1, 0, 0, 1, 0, 0, 1, 0, 0, 0)
Step 3100, State: (0, 9, 10, 0, 0, 0, 0, 0, 0, 0, 0, 0, 2)
Step 3200, State: (0, 0, 0, 1, 0, 0, 1, 1, 1, 1, 0, 0, 0)
Step 3300, State: (0, 10, 10, 0, 0, 0, 0, 0, 0, 0, 0, 0, 2)
Step 3400, State: (1, 0, 0, 1, 0, 0, 1, 0, 0, 1, 0, 0, 0)
Step 3500, State: (0, 10, 11, 0, 0, 0, 0, 0, 0, 1, 0, 0, 2)
Step 3600, State: (0, 0, 0, 1, 0, 0, 1, 0, 0, 1, 0, 0, 0)
Step 3700, State: (0, 11, 11, 0, 0, 0, 0, 0, 0, 0, 0, 0, 2)
Step 3800, State: (1, 0, 0, 1, 0, 0, 1, 0, 0, 1, 0, 0, 0)
Step 3900, State: (0, 11, 12, 0, 0, 0, 0, 0, 0, 0, 0, 0, 2)
Step 4000, State: (0, 0, 0, 1, 0, 0, 1, 0, 0, 1, 0, 0, 0)
Step 4100, State: (1, 11, 12, 0, 0, 0, 0, 0, 0, 0, 0, 0, 2)
Step 4200, State: (0, 0, 0, 1, 0, 0, 1, 1, 1, 1, 0, 0, 0)
Step 4300, State: (0, 12, 13, 0, 0, 0, 0, 0, 0, 0, 0, 0, 2)
Step 4400, State: (1, 0, 0, 1, 0, 0, 1, 0, 0, 1, 0, 0, 0)
Step 4500, State: (0, 12, 13, 0, 0, 0, 0, 0, 0, 1, 0, 0, 2)
Step 4600, State: (0, 0, 0, 1, 0, 0, 1, 0, 0, 1, 0, 0, 0)
Step 4700, State: (0, 13, 14, 0, 0, 0, 0, 0, 0, 0, 0, 0, 2)
Step 4800, State: (1, 0, 0, 1, 0, 0, 1, 0, 0, 1, 0, 0, 0)
Step 4900, State: (0, 13, 14, 0, 0, 0, 0, 0, 0, 0, 0, 0, 2)

Total vehicles passed (throughput): 434
Maximum waiting time: 14.70 seconds
Simulation completed.

(torch) D:\SUMO>"d:\Github Repos\Major-Project\torch\Scripts\python.exe" d:/SUMO/SUMO/CT2.py
TraCI connected successfully!

=== Starting Simulation ===
Step 0, State: (1, 0, 0, 1, 0, 0, 1, 0, 0, 1, 0, 0, 0)
Step 100, State: (1, 0, 0, 0, 0, 0, 0, 0, 0, 0, 0, 0, 2)
Step 200, State: (1, 0, 0, 1, 0, 0, 1, 1, 1, 1, 0, 0, 0)
Step 300, State: (1, 1, 1, 0, 0, 0, 0, 0, 0, 0, 0, 0, 2)
Step 400, State: (1, 0, 0, 1, 0, 0, 1, 0, 0, 1, 0, 0, 0)
Step 500, State: (1, 1, 1, 0, 0, 0, 1, 0, 0, 0, 0, 0, 2)
Step 600, State: (1, 0, 0, 1, 0, 0, 1, 0, 0, 1, 0, 0, 0)
Step 700, State: (1, 1, 1, 0, 0, 0, 0, 0, 0, 0, 0, 0, 2)
Step 800, State: (1, 0, 0, 1, 0, 0, 1, 0, 0, 1, 1, 1, 0)
Step 900, State: (1, 1, 1, 0, 0, 0, 0, 0, 0, 0, 0, 0, 2)
Step 1000, State: (1, 0, 0, 1, 0, 0, 1, 0, 0, 1, 0, 0, 0)
Step 1100, State: (1, 1, 1, 0, 0, 0, 0, 0, 0, 0, 0, 0, 2)
Step 1200, State: (1, 0, 0, 1, 0, 0, 1, 1, 1, 1, 0, 0, 0)
Step 1300, State: (1, 1, 1, 0, 0, 0, 0, 0, 0, 0, 0, 0, 2)
Step 1400, State: (1, 0, 0, 1, 0, 0, 1, 0, 0, 1, 0, 0, 0)
Step 1500, State: (1, 1, 1, 0, 0, 0, 1, 0, 0, 0, 0, 0, 2)
Step 1600, State: (1, 0, 0, 1, 0, 0, 1, 0, 0, 1, 0, 0, 0)
Step 1700, State: (1, 1, 1, 0, 0, 0, 0, 0, 0, 0, 0, 0, 2)
Step 1800, State: (1, 0, 0, 1, 0, 0, 1, 0, 0, 1, 1, 1, 0)
Step 1900, State: (1, 1, 1, 0, 0, 0, 0, 0, 0, 0, 0, 0, 2)
Step 2000, State: (1, 0, 0, 1, 0, 0, 1, 0, 0, 1, 0, 0, 0)
Step 2100, State: (1, 1, 1, 0, 0, 0, 0, 0, 0, 0, 0, 0, 2)
Step 2200, State: (1, 0, 0, 1, 0, 0, 1, 1, 1, 1, 0, 0, 0)
Step 2300, State: (1, 1, 1, 0, 0, 0, 0, 0, 0, 0, 0, 0, 2)
Step 2400, State: (1, 0, 0, 1, 0, 0, 1, 0, 0, 1, 0, 0, 0)
Step 2500, State: (1, 1, 1, 0, 0, 0, 1, 0, 0, 0, 0, 0, 2)
Step 2600, State: (1, 0, 0, 1, 0, 0, 1, 0, 0, 1, 0, 0, 0)
Step 2700, State: (1, 1, 1, 0, 0, 0, 0, 0, 0, 0, 0, 0, 2)
Step 2800, State: (1, 0, 0, 1, 0, 0, 1, 0, 0, 1, 1, 1, 0)
Step 2900, State: (1, 1, 1, 0, 0, 0, 0, 0, 0, 0, 0, 0, 2)
Step 3000, State: (1, 0, 0, 1, 0, 0, 1, 0, 0, 1, 0, 0, 0)
Step 3100, State: (1, 1, 1, 0, 0, 0, 0, 0, 0, 0, 0, 0, 2)
Step 3200, State: (1, 0, 0, 1, 0, 0, 1, 1, 1, 1, 0, 0, 0)
Step 3300, State: (1, 1, 1, 0, 0, 0, 0, 0, 0, 0, 0, 0, 2)
Step 3400, State: (1, 0, 0, 1, 0, 0, 1, 0, 0, 1, 0, 0, 0)
Step 3500, State: (1, 1, 1, 0, 0, 0, 1, 0, 0, 0, 0, 0, 2)
Step 3600, State: (1, 0, 0, 1, 0, 0, 1, 0, 0, 1, 0, 0, 0)
Step 3700, State: (1, 1, 1, 0, 0, 0, 0, 0, 0, 0, 0, 0, 2)
Step 3800, State: (1, 0, 0, 1, 0, 0, 1, 0, 0, 1, 1, 1, 0)
Step 3900, State: (1, 1, 1, 0, 0, 0, 0, 0, 0, 0, 0, 0, 2)
Step 4000, State: (1, 0, 0, 1, 0, 0, 1, 0, 0, 1, 0, 0, 0)
Step 4100, State: (1, 1, 1, 0, 0, 0, 0, 0, 0, 0, 0, 0, 2)
Step 4200, State: (1, 0, 0, 1, 0, 0, 1, 1, 1, 1, 0, 0, 0)
Step 4300, State: (1, 1, 1, 0, 0, 0, 0, 0, 0, 0, 0, 0, 2)
Step 4400, State: (1, 0, 0, 1, 0, 0, 1, 0, 0, 1, 0, 0, 0)
Step 4500, State: (1, 1, 1, 0, 0, 0, 1, 0, 0, 0, 0, 0, 2)
Step 4600, State: (1, 0, 0, 1, 0, 0, 1, 0, 0, 1, 0, 0, 0)
Step 4700, State: (1, 1, 1, 0, 0, 0, 0, 0, 0, 0, 0, 0, 2)
Step 4800, State: (1, 0, 0, 1, 0, 0, 1, 0, 0, 1, 1, 1, 0)
Step 4900, State: (1, 1, 1, 0, 0, 0, 0, 0, 0, 0, 0, 0, 2)

Total vehicles passed (throughput): 288
Maximum waiting time: 13.40 seconds
Simulation completed.


=== Starting Simulation ===
Step 0, State: (1, 0, 0, 1, 0, 0, 1, 0, 0, 1, 0, 0, 0)
Step 100, State: (0, 0, 0, 0, 0, 0, 0, 0, 0, 0, 0, 0, 2)
Step 200, State: (0, 0, 0, 1, 0, 0, 1, 1, 1, 1, 0, 0, 0)
Step 300, State: (0, 1, 1, 0, 0, 0, 0, 0, 0, 0, 0, 0, 2)
Step 400, State: (1, 0, 0, 1, 0, 0, 1, 0, 0, 1, 0, 0, 0)
Step 500, State: (0, 2, 1, 0, 0, 0, 0, 0, 0, 0, 0, 0, 2)
Step 600, State: (1, 0, 0, 1, 0, 0, 1, 0, 0, 1, 0, 0, 0)
Step 700, State: (0, 2, 1, 0, 0, 0, 0, 0, 0, 0, 0, 0, 2)
Step 800, State: (1, 0, 0, 1, 0, 0, 1, 0, 0, 1, 0, 0, 0)
Step 900, State: (0, 2, 2, 0, 0, 0, 0, 0, 0, 0, 0, 0, 2)
Step 1000, State: (1, 0, 0, 1, 0, 0, 1, 0, 0, 1, 0, 0, 0)
Step 1100, State: (0, 1, 2, 0, 0, 0, 0, 0, 0, 0, 0, 0, 2)
Step 1200, State: (0, 0, 0, 1, 0, 0, 1, 0, 0, 1, 0, 0, 0)
Step 1300, State: (0, 1, 1, 0, 0, 0, 0, 0, 0, 0, 0, 0, 2)
Step 1400, State: (1, 0, 0, 1, 0, 0, 1, 0, 0, 1, 0, 0, 0)
Step 1500, State: (0, 1, 1, 0, 0, 0, 0, 0, 0, 0, 0, 0, 2)
Step 1600, State: (1, 0, 0, 1, 0, 0, 1, 0, 0, 1, 0, 0, 0)
Step 1700, State: (0, 2, 1, 0, 0, 0, 0, 0, 0, 0, 0, 0, 2)
Step 1800, State: (1, 0, 0, 1, 0, 0, 1, 0, 0, 1, 0, 0, 0)
Step 1900, State: (0, 2, 2, 0, 0, 0, 0, 0, 0, 0, 0, 0, 2)
Step 2000, State: (1, 0, 0, 1, 0, 0, 1, 0, 0, 1, 0, 0, 0)
Step 2100, State: (0, 1, 2, 0, 0, 0, 0, 0, 0, 0, 0, 0, 2)
Step 2200, State: (0, 0, 0, 1, 0, 0, 1, 1, 1, 1, 0, 0, 0)
Step 2300, State: (0, 1, 1, 0, 0, 0, 0, 0, 0, 0, 0, 0, 2)
Step 2400, State: (1, 0, 0, 1, 0, 0, 1, 0, 0, 1, 0, 0, 0)
Step 2500, State: (0, 1, 1, 0, 0, 0, 0, 0, 0, 0, 0, 0, 2)
Step 2600, State: (1, 0, 0, 1, 0, 0, 1, 0, 0, 1, 0, 0, 0)
Step 2700, State: (0, 2, 1, 0, 0, 0, 0, 0, 0, 0, 0, 0, 2)
Step 2800, State: (1, 0, 0, 1, 0, 0, 1, 0, 0, 1, 0, 0, 0)
Step 2900, State: (0, 2, 2, 0, 0, 0, 0, 0, 0, 0, 0, 0, 2)
Step 3000, State: (1, 0, 0, 1, 0, 0, 1, 0, 0, 1, 0, 0, 0)
Step 3100, State: (0, 1, 2, 0, 0, 0, 0, 0, 0, 0, 0, 0, 2)
Step 3200, State: (0, 0, 0, 1, 0, 0, 1, 0, 0, 1, 0, 0, 0)
Step 3300, State: (0, 1, 1, 0, 0, 0, 0, 0, 0, 0, 0, 0, 2)
Step 3400, State: (0, 0, 0, 1, 0, 0, 1, 0, 0, 1, 0, 0, 0)
Step 3500, State: (0, 1, 1, 0, 0, 0, 0, 0, 0, 0, 0, 0, 2)
Step 3600, State: (1, 0, 0, 1, 0, 0, 1, 0, 0, 1, 0, 0, 0)
Step 3700, State: (0, 2, 1, 0, 0, 0, 0, 0, 0, 0, 0, 0, 2)
Step 3800, State: (1, 0, 0, 1, 0, 0, 1, 0, 0, 1, 0, 0, 0)
Step 3900, State: (0, 2, 2, 0, 0, 0, 0, 0, 0, 0, 0, 0, 2)
Step 4000, State: (1, 0, 0, 1, 0, 0, 1, 0, 0, 1, 0, 0, 0)
Step 4100, State: (0, 1, 2, 0, 0, 0, 0, 0, 0, 0, 0, 0, 2)
Step 4200, State: (0, 0, 0, 1, 0, 0, 1, 1, 1, 1, 0, 0, 0)
Step 4300, State: (0, 1, 1, 0, 0, 0, 0, 0, 0, 0, 0, 0, 2)
Step 4400, State: (0, 0, 0, 1, 0, 0, 1, 0, 0, 1, 0, 0, 0)
Step 4500, State: (0, 1, 1, 0, 0, 0, 0, 0, 0, 0, 0, 0, 2)
Step 4600, State: (1, 0, 0, 1, 0, 0, 1, 0, 0, 1, 0, 0, 0)
Step 4700, State: (0, 2, 1, 0, 0, 0, 0, 0, 0, 0, 0, 0, 2)
Step 4800, State: (1, 0, 0, 1, 0, 0, 1, 0, 0, 1, 0, 0, 0)
Step 4900, State: (0, 2, 2, 0, 0, 0, 0, 0, 0, 0, 0, 0, 2)

Total vehicles passed (throughput): 289
Maximum waiting time: 14.70 seconds
Simulation completed.



















32000vh/hr

(torch) D:\SUMO>"d:\Github Repos\Major-Project\torch\Scripts\python.exe" d:/SUMO/SUMO/CT2.py
TraCI connected successfully!

=== Starting Simulation ===
Step 0, State: (1, 0, 0, 1, 0, 0, 1, 0, 0, 1, 0, 0, 0)
Step 100, State: (1, 0, 0, 1, 0, 0, 1, 0, 0, 1, 0, 0, 2)
Step 200, State: (1, 0, 0, 1, 0, 0, 1, 1, 1, 1, 0, 0, 0)
Step 300, State: (1, 1, 1, 1, 0, 0, 1, 0, 0, 1, 0, 0, 2)
Step 400, State: (1, 0, 0, 1, 0, 0, 1, 1, 1, 1, 0, 0, 0)
Step 500, State: (1, 1, 1, 1, 0, 0, 1, 0, 0, 1, 0, 0, 2)
Step 600, State: (1, 0, 0, 1, 0, 0, 1, 1, 1, 1, 0, 0, 0)
Step 700, State: (1, 1, 1, 1, 0, 0, 1, 0, 0, 1, 0, 0, 2)
Step 800, State: (1, 0, 0, 1, 0, 0, 1, 1, 1, 1, 0, 0, 0)
Step 900, State: (1, 1, 1, 1, 0, 0, 1, 0, 0, 1, 0, 0, 2)
Step 1000, State: (1, 0, 0, 1, 0, 0, 1, 1, 1, 1, 0, 0, 0)
Step 1100, State: (1, 1, 1, 1, 0, 0, 1, 0, 0, 1, 0, 0, 2)
Step 1200, State: (1, 0, 0, 1, 0, 0, 1, 1, 1, 1, 0, 0, 0)
Step 1300, State: (1, 1, 1, 1, 0, 0, 1, 0, 0, 1, 0, 0, 2)
Step 1400, State: (1, 0, 0, 1, 0, 0, 1, 1, 1, 1, 0, 0, 0)
Step 1500, State: (1, 1, 1, 1, 0, 0, 1, 0, 0, 1, 0, 0, 2)
Step 1600, State: (1, 0, 0, 1, 0, 0, 1, 1, 1, 1, 0, 0, 0)
Step 1700, State: (1, 1, 1, 1, 0, 0, 1, 0, 0, 1, 0, 0, 2)
Step 1800, State: (1, 0, 0, 1, 0, 0, 1, 1, 1, 1, 0, 0, 0)
Step 1900, State: (1, 1, 1, 1, 0, 0, 1, 0, 0, 1, 0, 0, 2)
Step 2000, State: (1, 0, 0, 1, 0, 0, 1, 1, 1, 1, 0, 0, 0)
Step 2100, State: (1, 1, 1, 1, 0, 0, 1, 0, 0, 1, 0, 0, 2)
Step 2200, State: (1, 0, 0, 1, 0, 0, 1, 1, 1, 1, 0, 0, 0)
Step 2300, State: (1, 1, 1, 1, 0, 0, 1, 0, 0, 1, 0, 0, 2)
Step 2400, State: (1, 0, 0, 1, 0, 0, 1, 1, 1, 1, 0, 0, 0)
Step 2500, State: (1, 1, 1, 1, 0, 0, 1, 0, 0, 1, 0, 0, 2)
Step 2600, State: (1, 0, 0, 1, 0, 0, 1, 1, 1, 1, 0, 0, 0)
Step 2700, State: (1, 1, 1, 1, 0, 0, 1, 0, 0, 1, 0, 0, 2)
Step 2800, State: (1, 0, 0, 1, 0, 0, 1, 1, 1, 1, 0, 0, 0)
Step 2900, State: (1, 1, 1, 1, 0, 0, 1, 0, 0, 1, 0, 0, 2)
Step 3000, State: (1, 0, 0, 1, 0, 0, 1, 1, 1, 1, 0, 0, 0)
Step 3100, State: (1, 1, 1, 1, 0, 0, 1, 0, 0, 1, 0, 0, 2)
Step 3200, State: (1, 0, 0, 1, 0, 0, 1, 1, 1, 1, 0, 0, 0)
Step 3300, State: (1, 1, 1, 1, 0, 0, 1, 0, 0, 1, 0, 0, 2)
Step 3400, State: (1, 0, 0, 1, 0, 0, 1, 1, 1, 1, 0, 0, 0)
Step 3500, State: (1, 1, 1, 1, 0, 0, 1, 0, 0, 1, 0, 0, 2)
Step 3600, State: (1, 0, 0, 1, 0, 0, 1, 1, 1, 1, 0, 0, 0)
Step 3700, State: (1, 1, 1, 1, 0, 0, 1, 0, 0, 1, 0, 0, 2)
Step 3800, State: (1, 0, 0, 1, 0, 0, 1, 1, 1, 1, 0, 0, 0)
Step 3900, State: (1, 1, 1, 1, 0, 0, 1, 0, 0, 1, 0, 0, 2)
Step 4000, State: (1, 0, 0, 1, 0, 0, 1, 1, 1, 1, 0, 0, 0)
Step 4100, State: (1, 1, 1, 1, 0, 0, 1, 0, 0, 1, 0, 0, 2)
Step 4200, State: (1, 0, 0, 1, 0, 0, 1, 1, 1, 1, 0, 0, 0)
Step 4300, State: (1, 1, 1, 1, 0, 0, 1, 0, 0, 1, 0, 0, 2)
Step 4400, State: (1, 0, 0, 1, 0, 0, 1, 1, 1, 1, 0, 0, 0)
Step 4500, State: (1, 1, 1, 1, 0, 0, 1, 0, 0, 1, 0, 0, 2)
Step 4600, State: (1, 0, 0, 1, 0, 0, 1, 1, 1, 1, 0, 0, 0)
Step 4700, State: (1, 1, 1, 1, 0, 0, 1, 0, 0, 1, 0, 0, 2)
Step 4800, State: (1, 0, 0, 1, 0, 0, 1, 1, 1, 1, 0, 0, 0)
Step 4900, State: (1, 1, 1, 1, 0, 0, 1, 0, 0, 1, 0, 0, 2)

Total vehicles passed (throughput): 476
Maximum waiting time: 13.40 seconds
Simulation completed.

(torch) D:\SUMO>"d:\Github Repos\Major-Project\torch\Scripts\python.exe" d:/SUMO/SUMO/CT2.py
TraCI connected successfully!

=== Starting Simulation ===
Step 0, State: (1, 0, 0, 1, 0, 0, 1, 0, 0, 1, 0, 0, 0)
Step 100, State: (0, 0, 0, 0, 0, 0, 0, 0, 0, 0, 0, 0, 2)
Step 200, State: (1, 0, 0, 0, 0, 0, 1, 1, 1, 1, 0, 0, 0)
Step 300, State: (0, 1, 2, 0, 0, 1, 0, 0, 0, 0, 0, 0, 2)
Step 400, State: (1, 0, 0, 1, 0, 1, 1, 0, 0, 1, 0, 0, 0)
Step 500, State: (0, 1, 1, 0, 1, 1, 0, 0, 0, 0, 0, 0, 2)
Step 600, State: (1, 0, 0, 1, 1, 1, 1, 1, 1, 1, 1, 1, 0)
Step 700, State: (0, 1, 1, 0, 1, 1, 0, 0, 0, 0, 1, 1, 2)
Step 800, State: (1, 0, 0, 1, 1, 1, 1, 0, 0, 0, 1, 1, 0)
Step 900, State: (0, 2, 1, 0, 0, 0, 0, 0, 0, 0, 0, 0, 2)
Step 1000, State: (1, 0, 0, 1, 0, 0, 1, 1, 1, 1, 0, 0, 0)
Step 1100, State: (0, 1, 1, 0, 0, 0, 0, 0, 0, 0, 0, 0, 2)
Step 1200, State: (1, 0, 0, 0, 0, 0, 1, 1, 1, 1, 0, 0, 0)
Step 1300, State: (0, 1, 2, 0, 0, 1, 0, 0, 0, 0, 0, 0, 2)
Step 1400, State: (0, 0, 0, 1, 0, 1, 1, 0, 0, 1, 0, 0, 0)
Step 1500, State: (0, 1, 1, 0, 1, 1, 0, 0, 0, 0, 0, 0, 2)
Step 1600, State: (1, 0, 0, 1, 1, 1, 1, 1, 1, 1, 1, 1, 0)
Step 1700, State: (0, 1, 1, 0, 1, 1, 0, 0, 0, 0, 1, 1, 2)
Step 1800, State: (1, 0, 0, 1, 1, 1, 1, 0, 0, 0, 1, 1, 0)
Step 1900, State: (0, 2, 1, 0, 0, 0, 0, 0, 0, 0, 0, 0, 2)
Step 2000, State: (0, 0, 0, 1, 0, 0, 1, 1, 1, 1, 0, 0, 0)
Step 2100, State: (0, 1, 1, 0, 0, 0, 0, 0, 0, 0, 0, 0, 2)
Step 2200, State: (1, 0, 0, 0, 0, 0, 1, 1, 1, 1, 0, 0, 0)
Step 2300, State: (0, 1, 2, 0, 0, 1, 0, 0, 0, 0, 0, 0, 2)
Step 2400, State: (0, 0, 0, 1, 0, 1, 1, 0, 0, 1, 0, 0, 0)
Step 2500, State: (0, 1, 1, 0, 1, 1, 0, 0, 0, 0, 0, 0, 2)
Step 2600, State: (1, 0, 0, 1, 1, 1, 1, 1, 1, 1, 1, 1, 0)
Step 2700, State: (0, 1, 1, 0, 1, 1, 0, 0, 0, 0, 1, 1, 2)
Step 2800, State: (1, 0, 0, 1, 1, 1, 1, 0, 0, 0, 1, 1, 0)
Step 2900, State: (0, 2, 1, 0, 0, 0, 0, 0, 0, 0, 0, 0, 2)
Step 3000, State: (0, 0, 0, 1, 0, 0, 1, 1, 1, 1, 0, 0, 0)
Step 3100, State: (0, 1, 1, 0, 0, 0, 0, 0, 0, 0, 0, 0, 2)
Step 3200, State: (1, 0, 0, 0, 0, 0, 1, 1, 1, 1, 0, 0, 0)
Step 3300, State: (0, 1, 2, 0, 0, 1, 0, 0, 0, 0, 0, 0, 2)
Step 3400, State: (0, 0, 0, 1, 0, 1, 1, 0, 0, 1, 0, 0, 0)
Step 3500, State: (0, 1, 1, 0, 1, 1, 0, 0, 0, 0, 0, 0, 2)
Step 3600, State: (1, 0, 0, 1, 1, 1, 1, 1, 1, 1, 1, 1, 0)
Step 3700, State: (0, 1, 1, 0, 1, 1, 0, 0, 0, 0, 1, 1, 2)
Step 3800, State: (1, 0, 0, 1, 1, 1, 1, 0, 0, 0, 1, 1, 0)
Step 3900, State: (0, 2, 1, 0, 0, 0, 0, 0, 0, 0, 0, 0, 2)
Step 4000, State: (0, 0, 0, 0, 0, 0, 1, 1, 1, 1, 0, 0, 0)
Step 4100, State: (0, 1, 1, 0, 0, 0, 0, 0, 0, 0, 0, 0, 2)
Step 4200, State: (1, 0, 0, 0, 0, 0, 1, 1, 1, 1, 0, 0, 0)
Step 4300, State: (0, 1, 2, 0, 0, 1, 0, 0, 0, 0, 0, 0, 2)
Step 4400, State: (0, 0, 0, 1, 0, 1, 1, 0, 0, 1, 0, 0, 0)
Step 4500, State: (0, 1, 1, 0, 1, 1, 0, 0, 0, 0, 0, 0, 2)
Step 4600, State: (1, 0, 0, 1, 1, 1, 1, 1, 1, 1, 1, 1, 0)
Step 4700, State: (0, 1, 1, 0, 1, 1, 0, 0, 0, 0, 1, 1, 2)
Step 4800, State: (1, 0, 0, 1, 1, 1, 1, 0, 0, 0, 1, 1, 0)
Step 4900, State: (0, 2, 1, 0, 0, 0, 0, 0, 0, 0, 0, 0, 2)

Total vehicles passed (throughput): 479
Maximum waiting time: 14.80 seconds
Simulation completed.

(torch) D:\SUMO>"d:\Github Repos\Major-Project\torch\Scripts\python.exe" d:/SUMO/SUMO/CT2.py
TraCI connected successfully!

=== Starting Simulation ===
Step 0, State: (1, 0, 0, 1, 0, 0, 1, 0, 0, 1, 0, 0, 0)
Step 100, State: (1, 0, 0, 1, 0, 0, 0, 0, 0, 0, 0, 0, 2)
Step 200, State: (1, 0, 0, 1, 0, 0, 1, 1, 1, 1, 0, 0, 0)
Step 300, State: (1, 2, 2, 1, 0, 0, 0, 0, 0, 0, 0, 0, 2)
Step 400, State: (1, 0, 0, 1, 0, 0, 1, 1, 1, 1, 0, 0, 0)
Step 500, State: (1, 2, 2, 1, 0, 0, 1, 0, 0, 1, 0, 0, 2)
Step 600, State: (1, 0, 0, 1, 0, 0, 1, 0, 0, 1, 0, 0, 0)
Step 700, State: (1, 2, 2, 1, 0, 0, 0, 0, 0, 0, 0, 0, 2)
Step 800, State: (1, 0, 0, 1, 0, 0, 1, 0, 0, 1, 1, 1, 0)
Step 900, State: (1, 2, 2, 1, 0, 0, 0, 0, 0, 0, 0, 0, 2)
Step 1000, State: (1, 0, 0, 1, 0, 0, 1, 0, 0, 1, 0, 1, 0)
Step 1100, State: (1, 2, 2, 1, 0, 0, 0, 0, 0, 0, 0, 0, 2)
Step 1200, State: (1, 0, 0, 1, 0, 0, 1, 1, 1, 1, 0, 0, 0)
Step 1300, State: (1, 2, 2, 1, 0, 0, 0, 0, 0, 0, 0, 0, 2)
Step 1400, State: (1, 0, 0, 1, 0, 0, 1, 1, 1, 1, 0, 0, 0)
Step 1500, State: (1, 2, 2, 1, 0, 0, 1, 0, 0, 1, 0, 0, 2)
Step 1600, State: (1, 0, 0, 1, 0, 0, 1, 0, 0, 1, 0, 0, 0)
Step 1700, State: (1, 2, 2, 1, 0, 0, 0, 0, 0, 0, 0, 0, 2)
Step 1800, State: (1, 0, 0, 1, 0, 0, 1, 0, 0, 1, 1, 1, 0)
Step 1900, State: (1, 2, 2, 1, 0, 0, 0, 0, 0, 0, 0, 0, 2)
Step 2000, State: (1, 0, 0, 1, 0, 0, 1, 0, 0, 1, 0, 1, 0)
Step 2100, State: (1, 2, 2, 1, 0, 0, 0, 0, 0, 0, 0, 0, 2)
Step 2200, State: (1, 0, 0, 1, 0, 0, 1, 1, 1, 1, 0, 0, 0)
Step 2300, State: (1, 2, 2, 1, 0, 0, 0, 0, 0, 0, 0, 0, 2)
Step 2400, State: (1, 0, 0, 1, 0, 0, 1, 1, 1, 1, 0, 0, 0)
Step 2500, State: (1, 2, 2, 1, 0, 0, 1, 0, 0, 1, 0, 0, 2)
Step 2600, State: (1, 0, 0, 1, 0, 0, 1, 0, 0, 1, 0, 0, 0)
Step 2700, State: (1, 2, 2, 1, 0, 0, 0, 0, 0, 0, 0, 0, 2)
Step 2800, State: (1, 0, 0, 1, 0, 0, 1, 0, 0, 1, 1, 1, 0)
Step 2900, State: (1, 2, 2, 1, 0, 0, 0, 0, 0, 0, 0, 0, 2)
Step 3000, State: (1, 0, 0, 1, 0, 0, 1, 0, 0, 1, 0, 1, 0)
Step 3100, State: (1, 2, 2, 1, 0, 0, 0, 0, 0, 0, 0, 0, 2)
Step 3200, State: (1, 0, 0, 1, 0, 0, 1, 1, 1, 1, 0, 0, 0)
Step 3300, State: (1, 2, 2, 1, 0, 0, 0, 0, 0, 0, 0, 0, 2)
Step 3400, State: (1, 0, 0, 1, 0, 0, 1, 1, 1, 1, 0, 0, 0)
Step 3500, State: (1, 2, 2, 1, 0, 0, 1, 0, 0, 1, 0, 0, 2)
Step 3600, State: (1, 0, 0, 1, 0, 0, 1, 0, 0, 1, 0, 0, 0)
Step 3700, State: (1, 2, 2, 1, 0, 0, 0, 0, 0, 0, 0, 0, 2)
Step 3800, State: (1, 0, 0, 1, 0, 0, 1, 0, 0, 1, 1, 1, 0)
Step 3900, State: (1, 2, 2, 1, 0, 0, 0, 0, 0, 0, 0, 0, 2)
Step 4000, State: (1, 0, 0, 1, 0, 0, 1, 0, 0, 1, 0, 1, 0)
Step 4100, State: (1, 2, 2, 1, 0, 0, 0, 0, 0, 0, 0, 0, 2)
Step 4200, State: (1, 0, 0, 1, 0, 0, 1, 1, 1, 1, 0, 0, 0)
Step 4300, State: (1, 2, 2, 1, 0, 0, 0, 0, 0, 0, 0, 0, 2)
Step 4400, State: (1, 0, 0, 1, 0, 0, 1, 1, 1, 1, 0, 0, 0)
Step 4500, State: (1, 2, 2, 1, 0, 0, 1, 0, 0, 1, 0, 0, 2)
Step 4600, State: (1, 0, 0, 1, 0, 0, 1, 0, 0, 1, 0, 0, 0)
Step 4700, State: (1, 2, 2, 1, 0, 0, 0, 0, 0, 0, 0, 0, 2)
Step 4800, State: (1, 0, 0, 1, 0, 0, 1, 0, 0, 1, 1, 1, 0)
Step 4900, State: (1, 2, 2, 1, 0, 0, 0, 0, 0, 0, 0, 0, 2)

Total vehicles passed (throughput): 478
Maximum waiting time: 13.40 seconds
Simulation completed.

(torch) D:\SUMO>"d:\Github Repos\Major-Project\torch\Scripts\python.exe" d:/SUMO/SUMO/CT2.py
TraCI connected successfully!

=== Starting Simulation ===
Step 0, State: (1, 0, 0, 1, 0, 0, 1, 0, 0, 1, 0, 0, 0)
Step 100, State: (0, 0, 0, 0, 0, 0, 0, 0, 0, 0, 0, 0, 2)
Step 200, State: (0, 0, 0, 1, 0, 0, 1, 1, 1, 1, 0, 0, 0)
Step 300, State: (0, 3, 3, 0, 0, 0, 0, 0, 0, 0, 0, 0, 2)
Step 400, State: (1, 0, 0, 1, 0, 0, 1, 0, 0, 1, 0, 0, 0)
Step 500, State: (1, 4, 4, 0, 0, 0, 0, 0, 0, 1, 0, 0, 2)
Step 600, State: (0, 0, 0, 1, 0, 0, 1, 0, 0, 1, 0, 0, 0)
Step 700, State: (1, 4, 5, 0, 0, 0, 0, 0, 0, 0, 0, 0, 2)
Step 800, State: (1, 0, 0, 1, 0, 0, 1, 0, 0, 1, 0, 0, 0)
Step 900, State: (0, 5, 5, 0, 0, 0, 0, 0, 0, 0, 0, 0, 2)
Step 1000, State: (1, 0, 0, 1, 0, 0, 1, 0, 0, 1, 0, 0, 0)
Step 1100, State: (0, 5, 6, 0, 0, 0, 0, 0, 0, 0, 0, 0, 2)
Step 1200, State: (0, 0, 0, 1, 0, 0, 1, 1, 1, 1, 0, 0, 0)
Step 1300, State: (0, 5, 6, 0, 0, 0, 0, 0, 0, 0, 0, 0, 2)
Step 1400, State: (1, 0, 0, 1, 0, 0, 1, 0, 0, 1, 0, 0, 0)
Step 1500, State: (0, 6, 6, 0, 0, 0, 0, 0, 0, 1, 0, 0, 2)
Step 1600, State: (0, 0, 0, 1, 0, 0, 1, 0, 0, 1, 0, 0, 0)
Step 1700, State: (0, 6, 7, 0, 0, 0, 0, 0, 0, 0, 0, 0, 2)
Step 1800, State: (1, 0, 0, 1, 0, 0, 1, 0, 0, 1, 0, 0, 0)
Step 1900, State: (0, 7, 7, 0, 0, 0, 0, 0, 0, 0, 0, 0, 2)
Step 2000, State: (0, 0, 0, 1, 0, 0, 1, 0, 0, 1, 0, 0, 0)
Step 2100, State: (0, 7, 8, 0, 0, 0, 0, 0, 0, 0, 0, 0, 2)
Step 2200, State: (0, 0, 0, 1, 0, 0, 1, 1, 1, 1, 0, 0, 0)
Step 2300, State: (0, 8, 8, 0, 0, 0, 0, 0, 0, 0, 0, 0, 2)
Step 2400, State: (1, 0, 0, 1, 0, 0, 1, 0, 0, 1, 0, 0, 0)
Step 2500, State: (0, 8, 9, 0, 0, 0, 0, 0, 0, 1, 0, 0, 2)
Step 2600, State: (0, 0, 0, 1, 0, 0, 1, 0, 0, 1, 0, 0, 0)
Step 2700, State: (0, 8, 9, 0, 0, 0, 0, 0, 0, 0, 0, 0, 2)
Step 2800, State: (1, 0, 0, 1, 0, 0, 1, 0, 0, 1, 0, 0, 0)
Step 2900, State: (0, 9, 10, 0, 0, 0, 0, 0, 0, 0, 0, 0, 2)
Step 3000, State: (0, 0, 0, 1, 0, 0, 1, 0, 0, 1, 0, 0, 0)
Step 3100, State: (0, 9, 10, 0, 0, 0, 0, 0, 0, 0, 0, 0, 2)
Step 3200, State: (0, 0, 0, 1, 0, 0, 1, 1, 1, 1, 0, 0, 0)
Step 3300, State: (0, 10, 10, 0, 0, 0, 0, 0, 0, 0, 0, 0, 2)
Step 3400, State: (1, 0, 0, 1, 0, 0, 1, 0, 0, 1, 0, 0, 0)
Step 3500, State: (0, 10, 11, 0, 0, 0, 0, 0, 0, 1, 0, 0, 2)
Step 3600, State: (0, 0, 0, 1, 0, 0, 1, 0, 0, 1, 0, 0, 0)
Step 3700, State: (0, 11, 11, 0, 0, 0, 0, 0, 0, 0, 0, 0, 2)
Step 3800, State: (1, 0, 0, 1, 0, 0, 1, 0, 0, 1, 0, 0, 0)
Step 3900, State: (0, 11, 12, 0, 0, 0, 0, 0, 0, 0, 0, 0, 2)
Step 4000, State: (0, 0, 0, 1, 0, 0, 1, 0, 0, 1, 0, 0, 0)
Step 4100, State: (1, 11, 12, 0, 0, 0, 0, 0, 0, 0, 0, 0, 2)
Step 4200, State: (0, 0, 0, 1, 0, 0, 1, 1, 1, 1, 0, 0, 0)
Step 4300, State: (0, 12, 13, 0, 0, 0, 0, 0, 0, 0, 0, 0, 2)
Step 4400, State: (1, 0, 0, 1, 0, 0, 1, 0, 0, 1, 0, 0, 0)
Step 4500, State: (0, 12, 13, 0, 0, 0, 0, 0, 0, 1, 0, 0, 2)
Step 4600, State: (0, 0, 0, 1, 0, 0, 1, 0, 0, 1, 0, 0, 0)
Step 4700, State: (0, 13, 14, 0, 0, 0, 0, 0, 0, 0, 0, 0, 2)
Step 4800, State: (1, 0, 0, 1, 0, 0, 1, 0, 0, 1, 0, 0, 0)
Step 4900, State: (0, 13, 14, 0, 0, 0, 0, 0, 0, 0, 0, 0, 2)

Total vehicles passed (throughput): 457
Maximum waiting time: 14.70 seconds
Simulation completed.
